width: 848
height: 480
camera_name: d435i_infra_left
camera_matrix:
  rows: 3
  cols: 3
  data: [419.52520751953125, 0.0, 427.8790588378906, 0.0, 419.52520751953125, 241.32180786132812, 0.0, 0.0, 1.0]  # from topic
  # data: [416.30976145, 0.0, 426.80562534, 0.0, 416.99275196, 241.40180955, 0.0, 0.0, 1.0]   # calibration
distortion_model: plumb_bob
distortion_coefficients:
  rows: 1
  cols: 5
  data: [0.0, 0.0, 0.0, 0.0, 0.0]  # tangential distortion not supported by wolf
rectification_matrix:
  rows: 3
  cols: 3
  data: [1.000000, 0.000000, 0.000000, 0.000000, 1.000000, 0.000000, 0.000000, 0.000000, 1.000000]
projection_matrix:
  rows: 3
  cols: 4
  data: [419.52520751953125, 0.0, 427.8790588378906, 0.0, 0.0, 419.52520751953125, 241.32180786132812, 0.0, 0.0, 0.0, 1.0, 0.0]
